<?xml version="1.0"?>
<opencv_storage>
<calibration_Time>"Fri Feb 12 19:29:18 2016"</calibration_Time>
<nrOfFrames>7</nrOfFrames>
<image_Width>1280</image_Width>
<image_Height>960</image_Height>
<board_Width>9</board_Width>
<board_Height>6</board_Height>
<square_Size>23.</square_Size>
<FixAspectRatio>1.</FixAspectRatio>
<!-- flags:  +fix_aspectRatio +fix_principal_point +zero_tangent_dist -->
<flagValue>14</flagValue>
<Camera_Matrix type_id="opencv-matrix">
  <rows>3</rows>
  <cols>3</cols>
  <dt>d</dt>
  <data>
    1.3626453437413036e+03 0. 6.3950000000000000e+02 0.
    1.3626453437413036e+03 4.7950000000000000e+02 0. 0. 1.</data></Camera_Matrix>
<Distortion_Coefficients type_id="opencv-matrix">
  <rows>5</rows>
  <cols>1</cols>
  <dt>d</dt>
  <data>
    -4.1374104405962936e-01 1.0376994656068659e+01 0. 0.
    -9.1610858982185292e+01</data></Distortion_Coefficients>
<Avg_Reprojection_Error>1.9563610879048193e-01</Avg_Reprojection_Error>
<Per_View_Reprojection_Errors type_id="opencv-matrix">
  <rows>7</rows>
  <cols>1</cols>
  <dt>f</dt>
  <data>
    1.85789660e-01 1.99347109e-01 2.07193941e-01 2.07399547e-01
    1.91776365e-01 1.70211613e-01 2.04849392e-01</data></Per_View_Reprojection_Errors>
<!-- a set of 6-tuples (rotation vector + translation vector) for each view -->
<Extrinsic_Parameters type_id="opencv-matrix">
  <rows>7</rows>
  <cols>6</cols>
  <dt>d</dt>
  <data>
    -7.3483993163800776e-01 1.7160016534393319e-01
    -1.1387377738879993e-01 -2.4499574747145235e+01
    1.3912330385290866e+02 1.2813342196667825e+03
    -7.3935650618448590e-01 1.5467120761367220e-01
    -9.4675318879963097e-02 -2.1079028531908065e+01
    1.3568850213021688e+02 1.2820928463125442e+03
    -7.6162340627983494e-01 1.6379686357005724e-01
    -7.3450613238283682e-02 -1.4905127360843228e+01
    1.3594146588563208e+02 1.2874563134279456e+03
    -7.5577530421211014e-01 1.5849358815348399e-01
    -7.1730162443387827e-02 -1.3065200368058091e+01
    1.3550976891708927e+02 1.2867076491770770e+03
    -7.5637188675474321e-01 1.6090950449137437e-01
    -6.0498334541580844e-02 -8.4236647631573138e+00
    1.3523086521605487e+02 1.2861376961559431e+03
    -7.6126566813406127e-01 1.5686313408392871e-01
    -5.3750877667083100e-02 -5.1693339633438153e+00
    1.3473992872075743e+02 1.2874684236623832e+03
    -7.6070699094575234e-01 1.5958546629251050e-01
    -5.4313280379744346e-02 -5.6266988231970458e+00
    1.3406372248827165e+02 1.2878704087110905e+03</data></Extrinsic_Parameters>
<Image_points type_id="opencv-matrix">
  <rows>7</rows>
  <cols>54</cols>
  <dt>"2f"</dt>
  <data>
    6.13482361e+02 6.26962708e+02 6.37387939e+02 6.23351196e+02
    6.61398987e+02 6.19543640e+02 6.85371643e+02 6.15692261e+02
    7.09660522e+02 6.12098206e+02 7.33792908e+02 6.08412903e+02
    7.58318298e+02 6.04520630e+02 7.82552185e+02 6.00939636e+02
    8.07054810e+02 5.97024048e+02 6.14386841e+02 6.46965454e+02
    6.38568665e+02 6.43240479e+02 6.62660950e+02 6.39419800e+02
    6.87102783e+02 6.35505493e+02 7.11562256e+02 6.32013245e+02
    7.36232605e+02 6.28098633e+02 7.60713135e+02 6.24497253e+02
    7.85436584e+02 6.20625488e+02 8.10292358e+02 6.17197327e+02
    6.15169800e+02 6.67397034e+02 6.39440735e+02 6.63435120e+02
    6.63890686e+02 6.59623535e+02 6.88710449e+02 6.55788269e+02
    7.13603271e+02 6.52300659e+02 7.38374268e+02 6.48544434e+02
    7.63265625e+02 6.44571838e+02 7.88458801e+02 6.40991211e+02
    8.13430054e+02 6.36790100e+02 6.15808289e+02 6.88006958e+02
    6.40566711e+02 6.84406311e+02 6.65391296e+02 6.80746582e+02
    6.90570801e+02 6.76794434e+02 7.15562561e+02 6.73084778e+02
    7.40746582e+02 6.69355774e+02 7.65919373e+02 6.65660767e+02
    7.91369812e+02 6.61827759e+02 8.16483459e+02 6.58066345e+02
    6.16579041e+02 7.09462280e+02 6.41516663e+02 7.05760925e+02
    6.66880493e+02 7.01906433e+02 6.92264893e+02 6.98215515e+02
    7.17547241e+02 6.94563782e+02 7.42952576e+02 6.90697083e+02
    7.68652832e+02 6.86946960e+02 7.94412048e+02 6.83285156e+02
    8.19916138e+02 6.79521179e+02 6.17470276e+02 7.31707214e+02
    6.42894226e+02 7.28053772e+02 6.68386047e+02 7.24056396e+02
    6.94201355e+02 7.20444885e+02 7.19657288e+02 7.16879150e+02
    7.45432739e+02 7.13058960e+02 7.71572144e+02 7.09243835e+02
    7.97497070e+02 7.05361450e+02 8.23411499e+02 7.01701965e+02
    6.17274292e+02 6.23410217e+02 6.41189758e+02 6.20194885e+02
    6.65339722e+02 6.16656189e+02 6.89460938e+02 6.13514099e+02
    7.13607361e+02 6.10427246e+02 7.37882996e+02 6.07525391e+02
    7.62234741e+02 6.04090149e+02 7.86838074e+02 6.00878479e+02
    8.11141968e+02 5.97693787e+02 6.17626587e+02 6.43428955e+02
    6.41989746e+02 6.39859131e+02 6.66233765e+02 6.36726196e+02
    6.90851257e+02 6.33292542e+02 7.15489502e+02 6.30253845e+02
    7.39776489e+02 6.26997070e+02 7.64582214e+02 6.24030396e+02
    7.89383606e+02 6.20560303e+02 8.14221863e+02 6.17632080e+02
    6.17981750e+02 6.63517578e+02 6.42746399e+02 6.59991882e+02
    6.67420532e+02 6.56900940e+02 6.92276733e+02 6.53586060e+02
    7.17065125e+02 6.50489624e+02 7.41947937e+02 6.47409302e+02
    7.67064026e+02 6.44079895e+02 7.92202698e+02 6.40924011e+02
    8.17029846e+02 6.37403137e+02 6.18727234e+02 6.84007141e+02
    6.43645874e+02 6.81167725e+02 6.68529297e+02 6.77685669e+02
    6.93629761e+02 6.74574219e+02 7.18802917e+02 6.71484558e+02
    7.44113831e+02 6.68026794e+02 7.69371887e+02 6.64944580e+02
    7.94751587e+02 6.61680908e+02 8.20292786e+02 6.58596619e+02
    6.19099243e+02 7.05361633e+02 6.44445190e+02 7.02065796e+02
    6.69558533e+02 6.98977051e+02 6.94981262e+02 6.95878235e+02
    7.20578003e+02 6.92713196e+02 7.46171814e+02 6.89553040e+02
    7.71707703e+02 6.86087158e+02 7.97506104e+02 6.82986267e+02
    8.23342468e+02 6.79592407e+02 6.19869141e+02 7.27419006e+02
    6.45294189e+02 7.24490234e+02 6.71023743e+02 7.21122131e+02
    6.96607544e+02 7.17987732e+02 7.22503540e+02 7.14720032e+02
    7.48243469e+02 7.11652588e+02 7.74255859e+02 7.08608337e+02
    8.00389343e+02 7.05341248e+02 8.26563599e+02 7.02031860e+02
    6.23613403e+02 6.22968628e+02 6.47571289e+02 6.20266174e+02
    6.71672424e+02 6.17394653e+02 6.95759399e+02 6.14538025e+02
    7.20139954e+02 6.11744873e+02 7.44407837e+02 6.09126282e+02
    7.68845154e+02 6.06162354e+02 7.93054871e+02 6.03557861e+02
    8.17528931e+02 6.00601318e+02 6.23692200e+02 6.42436462e+02
    6.47872131e+02 6.39601257e+02 6.72364502e+02 6.36619080e+02
    6.96759521e+02 6.33790771e+02 7.21276428e+02 6.31196960e+02
    7.45820862e+02 6.28456665e+02 7.70499329e+02 6.25782043e+02
    7.95226868e+02 6.22709961e+02 8.19959961e+02 6.20355835e+02
    6.23706726e+02 6.62346863e+02 6.48376526e+02 6.59510803e+02
    6.72775513e+02 6.56713196e+02 6.97506653e+02 6.53881592e+02
    7.22408630e+02 6.51104797e+02 7.47222168e+02 6.48474426e+02
    7.72304749e+02 6.45460327e+02 7.97263672e+02 6.42762756e+02
    8.22446594e+02 6.39699890e+02 6.23574158e+02 6.82642273e+02
    6.48432739e+02 6.79887756e+02 6.73315613e+02 6.77231995e+02
    6.98641052e+02 6.74377502e+02 7.23547913e+02 6.71666748e+02
    7.48872986e+02 6.68737427e+02 7.74210449e+02 6.66221497e+02
    7.99503662e+02 6.63218384e+02 8.24864075e+02 6.60610962e+02
    6.23443909e+02 7.03509399e+02 6.48727112e+02 7.00832092e+02
    6.73859314e+02 6.98059082e+02 6.99399780e+02 6.95258667e+02
    7.24826843e+02 6.92638916e+02 7.50381958e+02 6.89736511e+02
    7.76011230e+02 6.86779724e+02 8.01673584e+02 6.84387939e+02
    8.27560181e+02 6.81557678e+02 6.23743469e+02 7.25387634e+02
    6.49186646e+02 7.22801270e+02 6.74644958e+02 7.19991516e+02
    7.00528137e+02 7.17237427e+02 7.26202087e+02 7.14506226e+02
    7.52016296e+02 7.11791382e+02 7.78177734e+02 7.08913940e+02
    8.03885193e+02 7.05979858e+02 8.30135559e+02 7.03487183e+02
    6.25616821e+02 6.22670532e+02 6.49513000e+02 6.19889221e+02
    6.73626526e+02 6.17036438e+02 6.97829468e+02 6.14485657e+02
    7.22224976e+02 6.11628357e+02 7.46354370e+02 6.09101624e+02
