<?xml version="1.0"?>
<opencv_storage>
<calibration_Time>"Fri Feb 12 19:33:17 2016"</calibration_Time>
<nrOfFrames>7</nrOfFrames>
<image_Width>1280</image_Width>
<image_Height>960</image_Height>
<board_Width>9</board_Width>
<board_Height>6</board_Height>
<square_Size>23.</square_Size>
<FixAspectRatio>1.</FixAspectRatio>
<!-- flags:  +fix_aspectRatio +fix_principal_point +zero_tangent_dist -->
<flagValue>14</flagValue>
<Camera_Matrix type_id="opencv-matrix">
  <rows>3</rows>
  <cols>3</cols>
  <dt>d</dt>
  <data>
    1.4049474067879219e+03 0. 6.3950000000000000e+02 0.
    1.4049474067879219e+03 4.7950000000000000e+02 0. 0. 1.</data></Camera_Matrix>
<Distortion_Coefficients type_id="opencv-matrix">
  <rows>5</rows>
  <cols>1</cols>
  <dt>d</dt>
  <data>
    -3.7335300703975699e-01 1.7185670573063845e+01 0. 0.
    -2.7437573692376083e+02</data></Distortion_Coefficients>
<Avg_Reprojection_Error>1.7700853709625344e-01</Avg_Reprojection_Error>
<Per_View_Reprojection_Errors type_id="opencv-matrix">
  <rows>7</rows>
  <cols>1</cols>
  <dt>f</dt>
  <data>
    2.11612463e-01 1.48875013e-01 1.73199967e-01 1.77576184e-01
    1.76897794e-01 1.80365488e-01 1.64391249e-01</data></Per_View_Reprojection_Errors>
<!-- a set of 6-tuples (rotation vector + translation vector) for each view -->
<Extrinsic_Parameters type_id="opencv-matrix">
  <rows>7</rows>
  <cols>6</cols>
  <dt>d</dt>
  <data>
    -1.0433655432890600e-01 4.6987530881626677e-01
    -3.1038429588100263e+00 2.5903005060219516e+02
    2.7860241376045892e+01 1.5391268246205439e+03 8.6548451867881293e-02
    -4.0364609796995804e-01 3.1115174858412948e+00
    2.5772319687506393e+02 2.8499202506379973e+01 1.5343023597535509e+03
    7.2903934435797763e-02 -4.0233523858229764e-01
    3.0990935097376804e+00 2.5362321278311566e+02 2.6439573402965944e+01
    1.5297510607265087e+03 7.6484322401773247e-02
    -3.4978073108508934e-01 3.1114447577791755e+00
    2.5149474885222415e+02 3.0893453071411425e+01 1.5253195215567723e+03
    8.0782083742533456e-02 -3.8087202648231422e-01
    3.1148452791405488e+00 2.5138533428466502e+02 3.6080889448225903e+01
    1.5202839288830376e+03 9.1096351147105167e-02
    -4.0380337786946097e-01 3.1078093729802219e+00
    2.4957491157814206e+02 3.6946006268168048e+01 1.5151156521014352e+03
    1.0425407902865785e-01 -3.9178640753118593e-01
    3.1063658696804626e+00 2.4577004441088928e+02 3.7015288816812465e+01
    1.5071527067303712e+03</data></Extrinsic_Parameters>
<Image_points type_id="opencv-matrix">
  <rows>7</rows>
  <cols>54</cols>
  <dt>"2f"</dt>
  <data>
    8.75153687e+02 5.04712219e+02 8.54287292e+02 5.04723572e+02
    8.33327393e+02 5.04520813e+02 8.12167480e+02 5.04516602e+02
    7.91139832e+02 5.04003998e+02 7.70284241e+02 5.03962860e+02
    7.49407532e+02 5.03629730e+02 7.28640503e+02 5.03443268e+02
    7.07921265e+02 5.03063293e+02 8.76063293e+02 4.84834412e+02
    8.54789429e+02 4.84344727e+02 8.33684326e+02 4.84457123e+02
    8.12670715e+02 4.84178375e+02 7.91695068e+02 4.84021271e+02
    7.70833069e+02 4.83596222e+02 7.49666260e+02 4.83421112e+02
    7.28721375e+02 4.83117554e+02 7.07920654e+02 4.83058472e+02
    8.76884338e+02 4.64617218e+02 8.55727600e+02 4.64451447e+02
    8.34597046e+02 4.64009216e+02 8.12969482e+02 4.64176270e+02
    7.92167542e+02 4.63613251e+02 7.70900024e+02 4.63436676e+02
    7.49912109e+02 4.63147400e+02 7.28890869e+02 4.63070496e+02
    7.08099487e+02 4.63034821e+02 8.77826660e+02 4.44695740e+02
    8.56578674e+02 4.44198425e+02 8.35060425e+02 4.44108398e+02
    8.13790222e+02 4.43669800e+02 7.92629822e+02 4.43473907e+02
    7.71550110e+02 4.43039246e+02 7.50188049e+02 4.42970917e+02
    7.29078369e+02 4.42949097e+02 7.07892517e+02 4.43038025e+02
    8.78740112e+02 4.24061340e+02 8.57010803e+02 4.23978943e+02
    8.35903259e+02 4.23522797e+02 8.14353882e+02 4.23370026e+02
    7.93097595e+02 4.22936859e+02 7.71638672e+02 4.23033875e+02
    7.50695679e+02 4.22784210e+02 7.29255859e+02 4.22895966e+02
    7.08269287e+02 4.22550079e+02 8.79536621e+02 4.03317200e+02
    8.58136841e+02 4.03032654e+02 8.36571960e+02 4.03040649e+02
    8.15043335e+02 4.02778625e+02 7.93515320e+02 4.02668640e+02
    7.72373657e+02 4.02341736e+02 7.50727356e+02 4.02314392e+02
    7.29622498e+02 4.02197388e+02 7.08278931e+02 4.02053070e+02
    8.74785645e+02 5.05325256e+02 8.53598267e+02 5.05345245e+02
    8.32667297e+02 5.05251129e+02 8.11482300e+02 5.05364044e+02
    7.90687256e+02 5.05226074e+02 7.69600098e+02 5.04986053e+02
    7.48682007e+02 5.04947540e+02 7.27666443e+02 5.04939484e+02
    7.06898315e+02 5.04900726e+02 8.75387756e+02 4.85249146e+02
    8.54324341e+02 4.84878387e+02 8.32991760e+02 4.85090790e+02
    8.11798218e+02 4.84957550e+02 7.90848450e+02 4.85037323e+02
    7.69841919e+02 4.84656189e+02 7.48713745e+02 4.84678040e+02
    7.27789734e+02 4.84569824e+02 7.06907654e+02 4.84527252e+02
    8.76144531e+02 4.64861023e+02 8.55013611e+02 4.64623749e+02
    8.33654297e+02 4.64673370e+02 8.12435608e+02 4.64672638e+02
    7.91337341e+02 4.64482574e+02 7.70156555e+02 4.64392426e+02
    7.48974670e+02 4.64253571e+02 7.27853821e+02 4.64166718e+02
    7.06920898e+02 4.64089539e+02 8.76770386e+02 4.44444031e+02
    8.55528259e+02 4.44071594e+02 8.34177673e+02 4.44112793e+02
    8.12803040e+02 4.43798981e+02 7.91502625e+02 4.43921875e+02
    7.70527527e+02 4.43700439e+02 7.49067810e+02 4.43495728e+02
    7.27951416e+02 4.43494934e+02 7.06907349e+02 4.43544434e+02
    8.77693787e+02 4.23489014e+02 8.56079895e+02 4.23504486e+02
    8.34835510e+02 4.23303589e+02 8.13104919e+02 4.23354309e+02
    7.91931763e+02 4.23040222e+02 7.70686768e+02 4.23165833e+02
    7.49483643e+02 4.23032135e+02 7.28079956e+02 4.23123566e+02
    7.06949402e+02 4.22961639e+02 8.78294495e+02 4.02718628e+02
    8.56875183e+02 4.02500458e+02 8.35295837e+02 4.02626709e+02
    8.13830811e+02 4.02383026e+02 7.92417847e+02 4.02406799e+02
    7.71040833e+02 4.02369843e+02 7.49489502e+02 4.02364838e+02
    7.28346130e+02 4.02326599e+02 7.06861328e+02 4.02394562e+02
    8.71692871e+02 5.03417877e+02 8.50668640e+02 5.03968384e+02
    8.29532288e+02 5.03964844e+02 8.08420898e+02 5.04554657e+02
    7.87273682e+02 5.04698029e+02 7.66372375e+02 5.04806030e+02
    7.45188477e+02 5.04955658e+02 7.24276917e+02 5.05070404e+02
    7.03238647e+02 5.05240631e+02 8.72080750e+02 4.83285309e+02
    8.50912659e+02 4.83398376e+02 8.29609436e+02 4.83996368e+02
    8.08509949e+02 4.83850708e+02 7.87260620e+02 4.84253265e+02
    7.66429443e+02 4.84315704e+02 7.44924500e+02 4.84551178e+02
    7.24186768e+02 4.84767395e+02 7.03005249e+02 4.84929321e+02
    8.72664490e+02 4.62870850e+02 8.51252441e+02 4.63219788e+02
    8.29965027e+02 4.63168060e+02 8.08645569e+02 4.63435272e+02
    7.87473816e+02 4.63512177e+02 7.66304504e+02 4.63701233e+02
    7.44959961e+02 4.63901794e+02 7.23872803e+02 4.64299683e+02
    7.02941223e+02 4.64581818e+02 8.72882874e+02 4.42454590e+02
    8.51708374e+02 4.42382172e+02 8.30221802e+02 4.42709259e+02
    8.08859436e+02 4.42735291e+02 7.87563049e+02 4.43043213e+02
    7.66408020e+02 4.43071777e+02 7.44920166e+02 4.43380951e+02
    7.23737183e+02 4.43515533e+02 7.02609436e+02 4.44048462e+02
    8.73605774e+02 4.21392639e+02 8.51893494e+02 4.21707184e+02
    8.30670349e+02 4.21912781e+02 8.08876038e+02 4.22190308e+02
    7.87758057e+02 4.22246185e+02 7.66270203e+02 4.22502930e+02
    7.44967773e+02 4.22742950e+02 7.23534119e+02 4.23093994e+02
    7.02541382e+02 4.23269623e+02 8.73936157e+02 4.00551331e+02
    8.52571899e+02 4.00633179e+02 8.30827393e+02 4.00971375e+02
    8.09464783e+02 4.01098663e+02 7.87713623e+02 4.01427612e+02
    7.66524475e+02 4.01494843e+02 7.44690918e+02 4.02045258e+02
    7.23553528e+02 4.02195923e+02 7.02092163e+02 4.02600494e+02
    8.70548218e+02 5.07608887e+02 8.48971008e+02 5.07932373e+02
    8.28019531e+02 5.07922516e+02 8.06758118e+02 5.08287354e+02
    7.85667053e+02 5.07951202e+02 7.64688721e+02 5.08333740e+02
