<?xml version="1.0"?>
<opencv_storage>
<calibration_Time>"Fri Feb 12 18:53:55 2016"</calibration_Time>
<nrOfFrames>7</nrOfFrames>
<image_Width>1280</image_Width>
<image_Height>720</image_Height>
<board_Width>9</board_Width>
<board_Height>6</board_Height>
<square_Size>23.</square_Size>
<FixAspectRatio>1.</FixAspectRatio>
<!-- flags:  +fix_aspectRatio +fix_principal_point +zero_tangent_dist -->
<flagValue>14</flagValue>
<Camera_Matrix type_id="opencv-matrix">
  <rows>3</rows>
  <cols>3</cols>
  <dt>d</dt>
  <data>
    1.0555799696973868e+03 0. 6.3950000000000000e+02 0.
    1.0555799696973868e+03 3.5950000000000000e+02 0. 0. 1.</data></Camera_Matrix>
<Distortion_Coefficients type_id="opencv-matrix">
  <rows>5</rows>
  <cols>1</cols>
  <dt>d</dt>
  <data>
    3.9999209186621981e-01 -1.1882207114780076e+01 0. 0.
    1.5945715695753717e+02</data></Distortion_Coefficients>
<Avg_Reprojection_Error>1.7042440651469476e-01</Avg_Reprojection_Error>
<Per_View_Reprojection_Errors type_id="opencv-matrix">
  <rows>7</rows>
  <cols>1</cols>
  <dt>f</dt>
  <data>
    1.85186863e-01 1.75895035e-01 1.57034785e-01 1.67165563e-01
    1.61415130e-01 1.74813330e-01 1.69880316e-01</data></Per_View_Reprojection_Errors>
<!-- a set of 6-tuples (rotation vector + translation vector) for each view -->
<Extrinsic_Parameters type_id="opencv-matrix">
  <rows>7</rows>
  <cols>6</cols>
  <dt>d</dt>
  <data>
    -5.6985122560914370e-01 -3.5338735460304263e-02
    -5.1562951597934441e-03 -1.2331478332940699e+02
    -1.7840291290064680e+01 9.9831419214881828e+02
    -5.7279513732593967e-01 -3.2768500934631656e-02
    -4.6863512317086757e-03 -1.2412380768143538e+02
    -1.8172583378241690e+01 9.9707821639863323e+02
    -5.7432711729585340e-01 -3.2721399650308743e-02
    -4.4889045927055558e-03 -1.2440599967417539e+02
    -1.8519902162212603e+01 9.9687920493298748e+02
    -5.7438505928097938e-01 -3.3657306766118486e-02
    -3.5518760064101804e-03 -1.2479738777262328e+02
    -1.8627252003925534e+01 9.9582181961953563e+02
    -5.7508642470834359e-01 -3.3169439529955540e-02
    -5.1538924634988532e-03 -1.2608424304936987e+02
    -1.8597085961578458e+01 9.9598202689008224e+02
    -5.7523341611180867e-01 -3.4764884038788989e-02
    -6.4873694566732355e-03 -1.2723493238928531e+02
    -1.8280578251022000e+01 9.9682115170422423e+02
    -5.7325710342407243e-01 -3.3873068161029939e-02
    -8.0067103314692151e-03 -1.2810721881990816e+02
    -1.7976809413489619e+01 9.9817012405811943e+02</data></Extrinsic_Parameters>
<Image_points type_id="opencv-matrix">
  <rows>7</rows>
  <cols>54</cols>
  <dt>"2f"</dt>
  <data>
    5.08549713e+02 3.40880737e+02 5.33182800e+02 3.40914185e+02
    5.57695679e+02 3.40978180e+02 5.82108948e+02 3.40856171e+02
    6.06410034e+02 3.41094849e+02 6.30638672e+02 3.41190491e+02
    6.54947693e+02 3.41208466e+02 6.79074036e+02 3.41349396e+02
    7.03198059e+02 3.41606079e+02 5.07339050e+02 3.61287537e+02
    5.32263794e+02 3.61429413e+02 5.56860168e+02 3.61342438e+02
    5.81785034e+02 3.61386078e+02 6.06321838e+02 3.61454071e+02
    6.30969177e+02 3.61454926e+02 6.55516052e+02 3.61554688e+02
    6.79912476e+02 3.61869629e+02 7.04246704e+02 3.62544495e+02
    5.06024811e+02 3.82180176e+02 5.31171753e+02 3.82401215e+02
    5.56274353e+02 3.82499115e+02 5.81431213e+02 3.82368988e+02
    6.06377563e+02 3.82497498e+02 6.31217773e+02 3.82396332e+02
    6.56088867e+02 3.82701019e+02 6.80607361e+02 3.83067902e+02
    7.05505432e+02 3.83221222e+02 5.04523224e+02 4.03877014e+02
    5.30219910e+02 4.04015991e+02 5.55537781e+02 4.04072266e+02
    5.80984497e+02 4.04259918e+02 6.06249878e+02 4.03963348e+02
    6.31610229e+02 4.04106903e+02 6.56608032e+02 4.04491394e+02
    6.81757874e+02 4.04625763e+02 7.06637024e+02 4.04708679e+02
    5.03202576e+02 4.26134888e+02 5.28945618e+02 4.26142212e+02
    5.54616577e+02 4.26213715e+02 5.80568481e+02 4.26239716e+02
    6.06240845e+02 4.26335052e+02 6.31706116e+02 4.26406128e+02
    6.57314087e+02 4.26533447e+02 6.82553467e+02 4.26618195e+02
    7.08053589e+02 4.26596863e+02 5.01601105e+02 4.48755005e+02
    5.27833618e+02 4.49037415e+02 5.54052734e+02 4.48787384e+02
    5.80271301e+02 4.48986481e+02 6.06081543e+02 4.48845154e+02
    6.31946472e+02 4.48868591e+02 6.57821899e+02 4.49024353e+02
    6.83681213e+02 4.49158203e+02 7.09444824e+02 4.49024323e+02
    5.07566193e+02 3.40489716e+02 5.32086853e+02 3.40541199e+02
    5.56624939e+02 3.40608490e+02 5.81255127e+02 3.40486633e+02
    6.05507629e+02 3.40706268e+02 6.29754150e+02 3.40789062e+02
    6.54102356e+02 3.40797913e+02 6.78323059e+02 3.41044617e+02
    7.02413879e+02 3.41297729e+02 5.06238647e+02 3.60924744e+02
    5.31113647e+02 3.61134552e+02 5.55862000e+02 3.60919952e+02
    5.80785828e+02 3.61021423e+02 6.05406921e+02 3.60954712e+02
    6.30116089e+02 3.61075714e+02 6.54646362e+02 3.61243805e+02
    6.79223022e+02 3.61418579e+02 7.03463806e+02 3.61973236e+02
    5.04756012e+02 3.81818085e+02 5.30106934e+02 3.81901855e+02
    5.55320190e+02 3.82145569e+02 5.80373413e+02 3.81880859e+02
    6.05468689e+02 3.82040955e+02 6.30222778e+02 3.81894836e+02
    6.55234680e+02 3.82288971e+02 6.79996399e+02 3.82591553e+02
    7.04648193e+02 3.82833008e+02 5.03414459e+02 4.03522491e+02
    5.29021606e+02 4.03495026e+02 5.54356201e+02 4.03605774e+02
    5.80137878e+02 4.03728760e+02 6.05312439e+02 4.03492615e+02
    6.30521301e+02 4.03615173e+02 6.55620850e+02 4.03881134e+02
    6.80802185e+02 4.04224304e+02 7.05812012e+02 4.04247314e+02
    5.01887390e+02 4.25670441e+02 5.27880920e+02 4.25718964e+02
    5.53721558e+02 4.25820007e+02 5.79499390e+02 4.25621979e+02
    6.05243713e+02 4.25779480e+02 6.30567810e+02 4.25947723e+02
    6.56345459e+02 4.26013428e+02 6.81735352e+02 4.26084351e+02
    7.07269104e+02 4.26226746e+02 5.00380249e+02 4.48398621e+02
    5.26568054e+02 4.48610596e+02 5.52740112e+02 4.48446014e+02
    5.78974548e+02 4.48582550e+02 6.04950806e+02 4.48471863e+02
    6.30811584e+02 4.48623474e+02 6.56763123e+02 4.48665955e+02
    6.82709900e+02 4.48707611e+02 7.08458801e+02 4.48660004e+02
    5.07335114e+02 3.40107117e+02 5.31769592e+02 3.40125336e+02
    5.56297363e+02 3.40290466e+02 5.80805786e+02 3.40104309e+02
    6.05227600e+02 3.40322662e+02 6.29543213e+02 3.40464233e+02
    6.53888611e+02 3.40455658e+02 6.77982422e+02 3.40683746e+02
    7.02170532e+02 3.40990234e+02 5.05849335e+02 3.60525482e+02
    5.30768616e+02 3.60791779e+02 5.55598267e+02 3.60603058e+02
    5.80508911e+02 3.60712982e+02 6.05134460e+02 3.60719788e+02
    6.29759766e+02 3.60713684e+02 6.54386902e+02 3.60913788e+02
    6.78867554e+02 3.61102173e+02 7.03144958e+02 3.61531769e+02
    5.04464996e+02 3.81345490e+02 5.29721130e+02 3.81464752e+02
    5.54918518e+02 3.81582733e+02 5.80033691e+02 3.81464722e+02
    6.05073120e+02 3.81622711e+02 6.29939941e+02 3.81562836e+02
    6.54787537e+02 3.81872986e+02 6.79609619e+02 3.82210297e+02
    7.04378601e+02 3.82476105e+02 5.02968414e+02 4.03070068e+02
    5.28555786e+02 4.03149109e+02 5.54130981e+02 4.03219147e+02
    5.79713013e+02 4.03289215e+02 6.04944885e+02 4.03047638e+02
    6.30203308e+02 4.03244659e+02 6.55461548e+02 4.03541992e+02
    6.80536133e+02 4.03779419e+02 7.05574280e+02 4.03777283e+02
    5.01529510e+02 4.25240753e+02 5.27536133e+02 4.25238708e+02
    5.53316650e+02 4.25286591e+02 5.79236328e+02 4.25228912e+02
    6.04743042e+02 4.25323456e+02 6.30323120e+02 4.25424591e+02
    6.55927856e+02 4.25629730e+02 6.81477844e+02 4.25645508e+02
    7.06855835e+02 4.25802368e+02 5.00031799e+02 4.47980499e+02
    5.26278442e+02 4.48140625e+02 5.52361633e+02 4.47972168e+02
    5.78540894e+02 4.48113007e+02 6.04543518e+02 4.48072998e+02
    6.30550110e+02 4.48194244e+02 6.56468140e+02 4.48272217e+02
    6.82335632e+02 4.48329773e+02 7.08210327e+02 4.48273560e+02
    5.06630798e+02 3.39943176e+02 5.31370911e+02 3.40067596e+02
    5.55969788e+02 3.40198242e+02 5.80314758e+02 3.40082031e+02
    6.04710327e+02 3.40302582e+02 6.29142639e+02 3.40472198e+02
